---
build/assets/img/paypal/wjds-logo-190x60.png: 2018-05-23 09:32:06.744583864 +00:00
build/assets/img/paypal/wjds-logo-750x90.png: 2018-05-23 09:32:12.864697139 +00:00
build/assets/img/favicon.png: 2018-05-23 09:32:17.304779318 +00:00
build/assets/img/sprite.png: 2018-05-23 09:32:18.344798567 +00:00
build/assets/img/sprite@2x.png: 2018-05-23 09:32:24.796917982 +00:00
build/assets/img/products/owl-stars.png: 2018-05-23 09:32:20.680841802 +00:00
build/apple-touch-icon-152x152-precomposed.png: 2018-05-23 09:32:17.940791089 +00:00
build/apple-touch-icon-144x144-precomposed.png: 2018-05-23 09:32:14.932735415 +00:00
build/apple-touch-icon-120x120-precomposed.png: 2018-05-23 09:32:17.924790793 +00:00
build/apple-touch-icon-114x114-precomposed.png: 2018-05-23 09:32:16.864771174 +00:00
build/apple-touch-icon-76x76-precomposed.png: 2018-05-23 09:32:17.380780724 +00:00
build/apple-touch-icon-72x72-precomposed.png: 2018-05-23 09:32:16.224759329 +00:00
build/apple-touch-icon-60x60-precomposed.png: 2018-05-23 09:32:15.252741338 +00:00
build/apple-touch-icon-57x57-precomposed.png: 2018-05-23 09:32:16.868771248 +00:00
build/apple-touch-icon-precomposed.png: 2018-05-23 09:32:15.588747557 +00:00
build/apple-touch-icon.png: 2018-05-23 09:32:16.012755405 +00:00
build/favicon-196x196.png: 2018-05-23 09:32:17.744787462 +00:00
build/favicon-160x160.png: 2018-05-23 09:32:15.504746003 +00:00
build/favicon-96x96.png: 2018-05-23 09:32:17.640785537 +00:00
build/favicon-32x32.png: 2018-05-23 09:32:16.848770878 +00:00
build/favicon-16x16.png: 2018-05-23 09:32:15.188740154 +00:00
build/favicon.png: 2018-05-23 09:32:15.072738006 +00:00
build/mstile-70x70.png: 2018-05-23 09:32:15.880752961 +00:00
build/mstile-144x144.png: 2018-05-23 09:32:16.200758884 +00:00
build/mstile-150x150.png: 2018-05-23 09:32:17.792788350 +00:00
build/mstile-310x310.png: 2018-05-23 09:32:16.812770212 +00:00
build/mstile-310x150.png: 2018-05-23 09:32:17.564784130 +00:00
